0.02		0.989859				445.583	0.666598	-0.984868	-0.979824
0.04		0.979377				309.533	0.666525	-0.969399	-0.959199
0.06		0.968549				247.81	0.666446	-0.953612	-0.938147
0.08		0.957361				210.496	0.666361	-0.937522	-0.916696
0.1			0.945749				184.634	0.666267	-0.921075	-0.89477
0.12		0.933769				164.64	0.666168	-0.90436	-0.872478
0.14		0.921388				148.693	0.666053	-0.887406	-0.849882
0.16		0.908536				135.797	0.665931	-0.87011	-0.82681
0.18		0.895332				124.497	0.665791	-0.852716	-0.803629
0.2			0.881655				115.035	0.665642	-0.835052	-0.780076
0.22		0.867548				106.548	0.665476	-0.817198	-0.756244
0.24		0.853369				99.3838	0.665297	-0.799592	-0.73279
0.26		0.838684				92.8145	0.665097	-0.781768	-0.709016
0.28		0.824059				87.1113	0.664884	-0.764356	-0.685822
0.3			0.809171				82.0762	0.664656	-0.746955	-0.662593
0.32		0.794257				77.6501	0.664409	-0.729836	-0.639768
0.34		0.779664				73.7891	0.664167	-0.713347	-0.617803
0.36		0.765262				70.3324	0.66392		-0.697277	-0.596379
0.38		0.750962				67.1775	0.663642	-0.681632	-0.575502
0.4			0.737064				64.2892	0.663408	-0.666533	-0.555391
0.42		0.72332					61.8849	0.663121	-0.65187	-0.535858
0.44		0.710098				59.6685	0.662843	-0.63791	-0.517214
0.46		0.697335				57.6182	0.66259		-0.624565	-0.49941
0.48		0.685159				55.9022	0.662342	-0.611899	-0.482513
0.5			0.67363					54.376	0.662051	-0.600049	-0.466729
0.52		0.662146				52.8483	0.661831	-0.588344	-0.451121
0.54		0.651311				51.5458	0.661571	-0.577421	-0.436565
0.56		0.640977				50.3125	0.661335	-0.56704	-0.422728
0.58		0.631164				49.1195	0.661091	-0.557308	-0.409727
0.6			0.621624				48.1943	0.660876	-0.547836	-0.397138
0.62		0.612513				47.2579	0.660594	-0.53895	-0.385252
0.64		0.603669				46.3093	0.660391	-0.530359	-0.37379
0.66		0.595466				45.5926	0.660148	-0.522436	-0.363263
0.68		0.587648				44.7888	0.659958	-0.514918	-0.3532
0.7			0.580189				44.1455	0.659743	-0.507767	-0.343706
0.72		0.573013				43.4289	0.659559	-0.501016	-0.334666
0.74		0.566202				42.888	0.65935	-0.494685	-0.326209
0.76		0.559458				42.315	0.659136	-0.488449	-0.317936
0.78		0.553277				41.7202	0.658926	-0.482715	-0.310318
0.8			0.547254				41.2079	0.658744	-0.47728	-0.303025


