0.02		0.989892				112.831	0.666399	-0.984919	-0.979891
0.04		0.979393				78.4015	0.666109	-0.969422	-0.959229
0.06		0.968549				62.7086	0.665798	-0.953612	-0.938154
0.08		0.957315				53.3038	0.665459	-0.937469	-0.916627
0.1			0.945792				46.7342	0.6651		-0.921121	-0.894836
0.12		0.933841				41.7925	0.664704	-0.904466	-0.872621
0.14		0.921287				37.6989	0.664258	-0.887269	-0.849672
0.16		0.908627				34.4508	0.663784	-0.870239	-0.826992
0.18		0.895393				31.6508	0.663255	-0.852785	-0.803706
0.2			0.881771				29.2543	0.662653	-0.835201	-0.780284
0.22		0.867873				27.2162	0.662037	-0.817574	-0.756769
0.24		0.853117				25.2556	0.661283	-0.799352	-0.732452
0.26		0.838799				23.674	0.660554	-0.781961	-0.709256
0.28		0.824153				22.2515	0.659753	-0.764398	-0.685874
0.3			0.80914					20.9798	0.658861	-0.746893	-0.662522
0.32		0.794327				19.8734	0.657956	-0.729873	-0.639801
0.34		0.779642				18.8532	0.65702		-0.713221	-0.617576
0.36		0.764872				17.9623	0.655981	-0.696867	-0.595789
0.38		0.750616				17.1201	0.654951	-0.6813		-0.575084
0.4			0.736646				16.4392	0.653928	-0.666148	-0.554825
0.42		0.723528				15.838	0.652987	-0.652099	-0.536086
0.44		0.710004				15.2362	0.651954	-0.637836	-0.517101
0.46		0.69754					14.7478	0.651018	-0.62474	-0.499642
0.48		0.685176				14.2639	0.649933	-0.611928	-0.482584
0.5			0.673485				13.8291	0.648995	-0.599969	-0.466656
0.52		0.662341				13.4835	0.648053	-0.588549	-0.451388
0.54		0.651641				13.1528	0.647058	-0.577693	-0.436891
0.56		0.640854				12.8102	0.64613		-0.566975	-0.422633
0.58		0.630636				12.5352	0.645084	-0.556862	-0.409177
0.6			0.621689				12.2821	0.644303	-0.547899	-0.397234
0.62		0.612246				12.012	0.643379	-0.538636	-0.384907
0.64		0.603687				11.7814	0.642626	-0.530375	-0.373789
0.66		0.595408				11.5888	0.641803	-0.522263	-0.363041
0.68		0.587769				11.3865	0.640895	-0.515034	-0.353398
0.7			0.580023				11.1949	0.64014		-0.507666	-0.34356
0.72		0.572957				11.0411	0.639378	-0.50097	-0.33462
0.74		0.566297				10.8644	0.638629	-0.494695	-0.3262
0.76		0.559397				10.7191	0.63778		-0.48835	-0.317831
0.78		0.553279				10.5823	0.637066	-0.48277	-0.310359
0.8			0.547202				10.4275	0.636329	-0.477226	-0.302993
