0.02		0.97936					693.268		0.666604	-0.969375	-0.959168
0.04		0.957235				472.173		0.66653		-0.937355	-0.916472
0.06		0.933169				366.298		0.66644		-0.903627	-0.8715
0.08		0.906447				297.3		0.666322	-0.86777	-0.82369
0.1			0.876093				242.392		0.666149	-0.829431	-0.772576
0.12		0.839806				192.867		0.665846	-0.787595	-0.716788
0.14		0.793648				143.488		0.665175	-0.741351	-0.655154
0.16		0.720781				82.5387		0.661887	-0.686573	-0.58211
0.161		0.7151					78.8227		0.66135		-0.683402	-0.577872
0.162		0.710647				76.8488		0.660989	-0.680552	-0.574077
0.163		0.705568				74.1981		0.660704	-0.677482	-0.569971
0.164		0.697908				68.7906		0.659424	-0.673966	-0.565291
0.165		0.692425				67.1618		0.659154	-0.670829	-0.561066
0.166		0.681608				60.8499		0.656604	-0.666714	-0.555636
0.167		0.677059				58.6586		0.656415	-0.6639		-0.551863
0.168		0.669066				55.7132		0.654813	-0.660476	-0.547326
0.169		0.657551				51.4033		0.65122		-0.656611	-0.542111
0.17		0.647666				47.7302		0.649335	-0.652752	-0.537018
0.171		0.638992				45.4826		0.647883	-0.649093	-0.532115
0.172		0.623539				40.357		0.642072	-0.644968	-0.526629
0.173		0.615955				39.6988		0.64143		-0.641418	-0.521853
0.174		0.600064				36.7313		0.635164	-0.637081	-0.516105
0.175		0.584083				33.4242		0.628494	-0.63306	-0.510744
0.176		0.565419				30.2356		0.620389	-0.628422	-0.504602
0.177		0.553259				28.8207		0.616248	-0.624638	-0.499487
0.178		0.533198				26.092		0.605176	-0.620315	-0.493716
0.179		0.514036				24.3925		0.594029	-0.615912	-0.487818
0.18		0.488516				22.1142		0.578662	-0.610911	-0.481218
0.2			0.184793				6.42196		0.187776	-0.542503	-0.390024
0.22		0.11296					3.51082		0.0584031	-0.50194	-0.335923
0.24		0.0864344				2.63203		0.0291597	-0.471312	-0.295098
0.26		0.0705658				1.90186		0.0238846	-0.446227	-0.261648
0.28		0.0615212				1.44661		0.0165018	-0.425245	-0.233689
0.3			0.0553132				1.32209		0.0134818	-0.407411	-0.209893
0.32		0.0506587				1.19169		0.011849	-0.391824	-0.189109
0.34		0.0468296				0.947417	0.00122357	-0.378208	-0.170936
0.36		0.0441053				0.852117	0.0113658	-0.366041	-0.154703
0.38		0.0417564				0.869342	0.00126376	-0.355181	-0.140234
0.4			0.0398726				0.66637		0.0092058	-0.345452	-0.127257
