0.02		0.979385		78.4415		0.666109		-0.969408	-0.959212
0.04		0.957232		53.2632		0.665462		-0.937348	-0.916464
0.06		0.93318			41.4427		0.664672		-0.903652	-0.871534
0.08		0.906454		33.6516		0.66363			-0.867813	-0.823748
0.1			0.875822		27.6171		0.662141		-0.829154	-0.772235
0.12		0.839994		22.4582		0.659731		-0.787712	-0.716938
0.14		0.792799		17.2418		0.654414		-0.740898	-0.654519
0.16		0.72353			12.1601		0.640286		-0.686847	-0.582424
0.161		0.717591		11.8064		0.638135		-0.683755	-0.578336
0.162		0.715174		11.7657		0.637543		-0.681541	-0.575413
0.163		0.705149		11.1498		0.633531		-0.676733	-0.569099
0.164		0.704452		11.1215		0.634353		-0.675064	-0.566723
0.165		0.698495		10.885		0.632396		-0.671598	-0.562079
0.166		0.694104		10.7197		0.630948		-0.668749	-0.558296
0.167		0.687119		10.3802		0.628054		-0.665398	-0.553883
0.168		0.683589		10.2296		0.627246		-0.662741	-0.550318
0.169		0.678036		10.0692		0.625451		-0.659406	-0.545877
0.17		0.672276		9.78367		0.623396		-0.656145	-0.541616
0.171		0.665428		9.56114		0.620629		-0.652523	-0.536704
0.172		0.657892		9.26727		0.617368		-0.648897	-0.531878
0.173		0.653424		9.08228		0.615934		-0.646131	-0.528166
0.174		0.646984		8.86553		0.613206		-0.642824	-0.523817
0.175		0.641334		8.69363		0.61096			-0.639764	-0.519646
0.176		0.633629		8.43685		0.607655		-0.635964	-0.514572
0.177		0.62807			8.27863		0.605459		-0.632773	-0.510385
0.178		0.619706		8.02102		0.600524		-0.629701	-0.506322
0.179		0.612169		7.89388		0.597033		-0.625689	-0.500943
0.18		0.606436		7.70079		0.594646		-0.62259	-0.496862
0.2			0.457505		4.77053		0.496119		-0.558326	-0.411096
0.22		0.340119		3.26388		0.371222		-0.509467	-0.346015
0.24		0.263385		2.3876		0.251104		-0.473938	-0.298665
0.26		0.215458		1.82453		0.169115		-0.446831	-0.262454
0.28		0.188257		1.53253		0.126198		-0.425831	-0.234491
0.3			0.166619		1.27219		0.0889406		-0.407119	-0.209533
0.32		0.152729		1.11164		0.069387		-0.391747	-0.18893
0.34		0.14213			0.98889		0.0586303		-0.378321	-0.171001
0.36		0.133106		0.880567	0.0461994		-0.366092	-0.154762
0.38		0.126153		0.797266	0.0379256		-0.355365	-0.140498
0.4			0.119619		0.705241	0.0327819		-0.345272	-0.127137
