0.02		0.979347				309.052		0.666525	-0.969356	-0.959142
0.04		0.957243				210.234		0.66636		-0.937365	-0.916488
0.06		0.933141				163.289		0.666157	-0.9036		-0.87147
0.08		0.906468				132.7		0.665892	-0.867787	-0.823719
0.1			0.876162				108.526		0.665506	-0.829502	-0.77267
0.12		0.839819				86.434		0.664837	-0.787621	-0.716851
0.14		0.793659				64.8476		0.663353	-0.741373	-0.655204
0.16		0.721348				39.7619		0.657233	-0.686634	-0.582176
0.161		0.715438				38.2813		0.656318	-0.683241	-0.577653
0.162		0.709929				36.805		0.655318	-0.680192	-0.573566
0.163		0.705468				35.8974		0.654708	-0.677381	-0.569891
0.164		0.698749				34.2381		0.653167	-0.674064	-0.565399
0.165		0.691257				32.539		0.651492	-0.670423	-0.560571
0.166		0.686927				31.7209		0.650546	-0.667985	-0.557298
0.167		0.674719				29.0137		0.646549	-0.663492	-0.551386
0.168		0.668308				28.2794		0.645043	-0.660275	-0.547058
0.169		0.662952				27.1654		0.644256	-0.657108	-0.542804
0.17		0.654994				26.5656		0.642591	-0.653306	-0.537771
0.171		0.646733				25.5313		0.640073	-0.649927	-0.53323
0.172		0.631315				23.366		0.633844	-0.6453		-0.527075
0.173		0.631299				23.2467		0.635287	-0.643484	-0.524645
0.174		0.611726				21.1422		0.626501	-0.638003	-0.517303
0.175		0.602073				20.4146		0.622888	-0.634499	-0.512676
0.176		0.588405				19.1877		0.616773	-0.630032	-0.506771
0.177		0.575729				18.0081		0.611185	-0.626293	-0.501693
0.178		0.570844				17.7554		0.610367	-0.62353	-0.49806
0.179		0.550489				16.4454		0.598075	-0.618628	-0.491504
0.18		0.535612				15.5618		0.590865	-0.614021	-0.485417
0.2			0.277402				6.21888		0.331218	-0.544763	-0.393056
0.22		0.17364					3.55876		0.152323	-0.502386	-0.336473
0.24		0.129564				2.45488		0.0862123	-0.471269	-0.295011
0.26		0.105593				1.81675		0.03499		-0.446171	-0.261545
0.28		0.0926293				1.53395		0.0304745	-0.425367	-0.233803
0.3			0.0838124				1.35517		0.0365679	-0.407561	-0.210093
0.32		0.0757229				1.11076		0.0262678	-0.391801	-0.18908
0.34		0.0705567				1.02848		0.0145915	-0.37815	-0.170854
0.36		0.0662929				0.900708	0.00950379	-0.365948	-0.154599
0.38		0.0628569				0.828394	0.00527562	-0.355251	-0.140308
0.4			0.0600088				0.767086	0.00886256	-0.345515	-0.127383
