0.02		0.979372				1234.99		0.666631	-0.96939	-0.959186
0.04		0.957192				837.092		0.66659		-0.937293	-0.916393
0.06		0.933136				650.806		0.666539	-0.903589	-0.871452
0.08		0.906464				527.888		0.666472	-0.86779	-0.823714
0.1			0.876085				430.822		0.666374	-0.829434	-0.772577
0.12		0.839992				343.266		0.666207	-0.787734	-0.716973
0.14		0.793193				250.749		0.665801	-0.741123	-0.654826
0.16		0.720789				143.478		0.663886	-0.686571	-0.582089
0.161		0.715137				136.037		0.663633	-0.683387	-0.577832
0.162		0.709143				126.14		0.663031	-0.680172	-0.57356
0.163		0.704666				124.536		0.662983	-0.677254	-0.569656
0.164		0.698313				117.428		0.662488	-0.674067	-0.565428
0.165		0.692179				114.016		0.662239	-0.670597	-0.560787
0.166		0.682708				101.65		0.660777	-0.666868	-0.55582
0.167		0.67612					96.6319		0.660056	-0.663723	-0.551639
0.168		0.667142				90.2049		0.65864		-0.66015	-0.546851
0.169		0.657379				79.7175		0.656521	-0.656528	-0.542038
0.17		0.651284				80.9043		0.656954	-0.653172	-0.537561
0.171		0.639296				72.4734		0.654672	-0.649259	-0.532371
0.172		0.628684				66.4534		0.651438	-0.645744	-0.527687
0.173		0.612253				60.7329		0.646827	-0.641266	-0.521694
0.174		0.597488				54.7679		0.641369	-0.637458	-0.516612
0.175		0.582045				50.7652		0.638177	-0.632965	-0.510614
0.176		0.561213				45.403		0.62952		-0.62855	-0.504741
0.177		0.538907				40.7353		0.618597	-0.623995	-0.498656
0.178		0.514932				35.7678		0.605497	-0.619474	-0.492663
0.179		0.47567					30.1884		0.581811	-0.613611	-0.484821
0.18		0.459617				28.8885		0.573369	-0.609616	-0.479464
0.2			0.14123					6.92489		0.123241	-0.542209	-0.389605
0.22		0.0845198				3.59729		0.0588833	-0.501956	-0.335909
0.24		0.0640964				2.51755		0.00235526	-0.471207	-0.294934
0.26		0.053216				1.96688		0.0208252	-0.44625	-0.261657
0.28		0.0459972				1.54312		0.0112159	-0.42526	-0.233681
0.3			0.0414721				1.21272		0.00784156	-0.407458	-0.209919
0.32		0.0380945				1.37357		0.00211934	-0.391909	-0.18922
0.34		0.03526					1.09251		0.00676913	-0.378172	-0.170906
0.36		0.0329687				0.611568	0.00272108	-0.36608	-0.154745
0.38		0.0314235				0.925292	0.00180502	-0.355209	-0.140267
0.4			0.0299102				0.675017	0.00129024	-0.345429	-0.12723
