0.02		0.979365			1927.09		0.666644		-0.96938	-0.959174
0.04		0.957221			1309.32		0.666617		-0.937334	-0.916444
0.06		0.933137			1016.29		0.666585		-0.903589	-0.871451
0.08		0.906449			824.066		0.666542		-0.867776	-0.823706
0.1			0.876111			673.705		0.666481		-0.829433	-0.77258
0.12		0.839902			535.294		0.666371		-0.787679	-0.716899
0.14		0.793106			391.114		0.666112		-0.74102	-0.65469
0.16		0.720598			219.428		0.66489			-0.686471	-0.581974
0.161		0.715088			208.918		0.664668		-0.683314	-0.577753
0.162		0.709842			197.879		0.664413		-0.680341	-0.573786
0.163		0.704004			187.226		0.664174		-0.677127	-0.569507
0.164		0.698401			178.29		0.663824		-0.674071	-0.565434
0.165		0.692242			172.462		0.66356			-0.670684	-0.560916
0.166		0.684632			158.518		0.663019		-0.667329	-0.556455
0.167		0.677435			148.27		0.662432		-0.663982	-0.551971
0.168		0.670385			141.878		0.662143		-0.660538	-0.547392
0.169		0.662461			133.94		0.661461		-0.657114	-0.542786
0.17		0.653659			122.551		0.660283		-0.653555	-0.538071
0.171		0.638085			104.346		0.65707			-0.649188	-0.532244
0.172		0.627643			96.1808		0.656185		-0.645467	-0.527303
0.173		0.609891			82.1399		0.650491		-0.641202	-0.521611
0.174		0.600605			81.4603		0.650341		-0.637608	-0.516831
0.175		0.575496			67.3959		0.640842		-0.632663	-0.510228
0.176		0.55577				61.3681		0.63437			-0.628282	-0.504365
0.177		0.518261			47.809		0.615			-0.622816	-0.497079
0.178		0.49533				44.71		0.602226		-0.618567	-0.491422
0.179		0.468301			40.0167		0.589687		-0.613641	-0.484855
0.18		0.431021			33.8936		0.5636			-0.608505	-0.478011
0.2			0.108527			6.30726		0.0767808		-0.542315	-0.389754
0.22		0.0674901			3.56162		0.0323559		-0.502032	-0.336073
0.24		0.0515984			2.75745		0.00837512		-0.471175	-0.294893
0.26		0.042778			2.05138		0.0118394		-0.446266	-0.261706
0.28		0.0366416			1.4382		-0.00200372		-0.425313	-0.233743
0.3			0.0327922			0.932221	-0.000351553	-0.407431	-0.209939
0.32		0.0302969			1.1093		0.00953887		-0.39184	-0.189107
0.34		0.0281646			0.888412	0.00625164		-0.378172	-0.170886
0.36		0.0265123			1.086		-0.00269374		-0.36605	-0.154744
0.38		0.0250743			0.737449	0.00269457		-0.355201	-0.140273
0.4			0.0239005			0.609984	0.0066343		-0.345398	-0.127189
