0.02		0.97935					1232.77		0.666631	-0.969359	-0.959145
0.04		0.957209				838.512		0.66659		-0.937319	-0.916424
0.06		0.933125				650.503		0.66654		-0.903571	-0.871429
0.08		0.906477				527.679		0.666472	-0.867808	-0.823744
0.1			0.87611					431.238		0.666375	-0.829468	-0.772632
0.12		0.839977				343.123		0.666204	-0.787705	-0.716935
0.14		0.792988				249.26		0.665793	-0.741013	-0.654679
0.16		0.720536				142.611		0.663904	-0.686525	-0.582025
0.161		0.715771				137.391		0.663646	-0.683531	-0.578043
0.162		0.708578				127.769		0.662717	-0.680144	-0.573515
0.163		0.704731				124.894		0.662938	-0.677289	-0.569726
0.164		0.697379				116.137		0.662193	-0.673875	-0.565167
0.165		0.691789				110.381		0.661826	-0.67079	-0.561026
0.166		0.685391				107.163		0.661745	-0.667314	-0.556417
0.167		0.676844				97.4625		0.660459	-0.663733	-0.55165
0.168		0.669252				90.1918		0.659033	-0.66055	-0.547389
0.169		0.660711				86.9949		0.658431	-0.656774	-0.542355
0.17		0.650686				78.9058		0.656343	-0.653147	-0.537513
0.171		0.642738				76.3622		0.655628	-0.649624	-0.532827
0.172		0.624098				63.5116		0.649809	-0.645005	-0.526675
0.173		0.610575				59.8039		0.646512	-0.64097	-0.521262
0.174		0.595149				53.18		0.641858	-0.636851	-0.515813
0.175		0.579582				50.7125		0.635427	-0.632921	-0.510549
0.176		0.55558					43.7704		0.625278	-0.628102	-0.504157
0.177		0.538117				39.829		0.618988	-0.623905	-0.498503
0.178		0.50924					35.0445		0.60261		-0.618768	-0.491677
0.179		0.487649				32.2927		0.591362	-0.614569	-0.486067
0.18		0.453921				27.4036		0.568006	-0.609393	-0.47921
0.2			0.134501				5.9451		0.130823	-0.54231	-0.389762
0.22		0.0842494				3.499		0.0628939	-0.502026	-0.336042
0.24		0.0639848				2.50659		0.0220298	-0.471166	-0.294863
0.26		0.0534102				2.01686		0.0111542	-0.446198	-0.261627
0.28		0.046512				1.698		0.00794975	-0.425361	-0.233823
0.3			0.0412312				1.1321		0.00820694	-0.407368	-0.209804
0.32		0.0379283				1.12844		0.00060153	-0.391822	-0.189071
0.34		0.0351751				0.985588	0.00163353	-0.378178	-0.170917
0.36		0.03303					0.614334	0.00658434	-0.366057	-0.154765
0.38		0.0313496				0.780543	0.00453398	-0.355201	-0.140263
0.4			0.0299666				0.797396	-0.00324257	-0.345403	-0.127179
