0.02		0.979337		78.4058		0.666108	-0.969336	-0.959116
0.04		0.957141		53.1643		0.665458	-0.937222	-0.916301
0.06		0.933199		41.3962		0.664672	-0.903682	-0.871572
0.08		0.90649			33.662		0.663637	-0.867837	-0.823789
0.1			0.876103		27.6755		0.662182	-0.829458	-0.772585
0.12		0.840102		22.4494		0.659752	-0.7878		-0.717029
0.14		0.793382		17.3318		0.654516	-0.741278	-0.655
0.16		0.722752		12.1292		0.639618	-0.686831	-0.582431
0.161		0.718961		11.9511		0.638616	-0.684224	-0.578913
0.162		0.71422			11.753		0.637436	-0.68082	-0.574408
0.163		0.708927		11.4455		0.635486	-0.677924	-0.570553
0.164		0.703945		11.1361		0.634269	-0.674647	-0.566189
0.165		0.69972			10.9691		0.633036	-0.67166	-0.562188
0.166		0.693506		10.6796		0.630707	-0.668628	-0.558196
0.167		0.687515		10.4035		0.628916	-0.664788	-0.553119
0.168		0.681858		10.1911		0.626479	-0.661999	-0.549306
0.169		0.6771			9.9651		0.62467		-0.659298	-0.545739
0.17		0.668275		9.5533		0.621196	-0.654841	-0.539831
0.171		0.668752		9.65666		0.622442	-0.653529	-0.538033
0.172		0.655131		9.12713		0.615331	-0.648474	-0.531359
0.173		0.654915		9.12743		0.61667		-0.646706	-0.529021
0.174		0.646623		8.86274		0.612643	-0.642871	-0.523848
0.175		0.641304		8.71442		0.610927	-0.639747	-0.519552
0.176		0.634589		8.48056		0.608007	-0.636263	-0.514986
0.177		0.632191		8.43825		0.607467	-0.63443	-0.512528
0.178		0.623124		8.1717		0.603055	-0.630312	-0.507116
0.179		0.613365		7.84332		0.598084	-0.626286	-0.501681
0.18		0.608739		7.75362		0.596121	-0.623378	-0.497845
0.2			0.457628		4.77779		0.495562	-0.558675	-0.411508
0.22		0.338762		3.22433		0.367651	-0.509243	-0.345686
0.24		0.262821		2.37176		0.249117	-0.473782	-0.298448
0.26		0.216436		1.83555		0.172089	-0.447046	-0.262632
0.28		0.187375		1.51429		0.121019	-0.425784	-0.234387
0.3			0.16646			1.26256		0.0926976	-0.407319	-0.209736
0.32		0.152413		1.09199		0.0660005	-0.392042	-0.189326
0.34		0.141383		0.973532	0.0564368	-0.378033	-0.170666
0.36		0.132788		0.87032		0.0436805	-0.366034	-0.154773
0.38		0.125807		0.789502	0.0470248	-0.355172	-0.140226
0.4			0.120116		0.715269	0.0369026	-0.345385	-0.127215
