0.02		0.979358				693.582		0.666604	-0.96937	-0.959161
0.04		0.957223				471.969		0.66653		-0.937336	-0.916449
0.06		0.93311					366.071		0.666439	-0.90355	-0.871399
0.08		0.90654					297.051		0.666322	-0.867888	-0.823849
0.1			0.876121				242.456		0.66615		-0.829467	-0.772617
0.12		0.839866				193.467		0.665851	-0.787624	-0.716822
0.14		0.793079				141.825		0.665131	-0.741031	-0.654713
0.16		0.721221				84.2819		0.662125	-0.686575	-0.582122
0.161		0.716095				81.4384		0.661793	-0.683372	-0.577858
0.162		0.710933				77.4219		0.661174	-0.680541	-0.574052
0.163		0.703741				72.0687		0.660214	-0.677114	-0.569475
0.164		0.698344				69.4146		0.6595		-0.674057	-0.565418
0.165		0.692708				67.2015		0.659077	-0.670944	-0.561228
0.166		0.684536				60.8902		0.657637	-0.667237	-0.55631
0.167		0.679434				61.5216		0.657412	-0.664283	-0.552375
0.168		0.670635				56.6946		0.655903	-0.660596	-0.547425
0.169		0.658447				51.4549		0.652243	-0.656499	-0.541967
0.17		0.653582				50.4586		0.652299	-0.653498	-0.537975
0.171		0.639914				45.2541		0.648137	-0.649275	-0.532365
0.172		0.629568				42.908		0.646096	-0.645366	-0.527119
0.173		0.620443				41.8829		0.643519	-0.642125	-0.522819
0.174		0.601618				36.2803		0.636219	-0.637183	-0.516205
0.175		0.585652				33.3996		0.63025		-0.63298	-0.510658
0.176		0.573648				31.7725		0.625577	-0.629338	-0.505772
0.177		0.554655				28.8365		0.617526	-0.624805	-0.49972
0.178		0.518499				24.9013		0.59397		-0.618662	-0.491559
0.179		0.514538				24.4088		0.595839	-0.6159		-0.487893
0.18		0.494779				22.6615		0.584091	-0.611434	-0.481893
0.2			0.187234				6.21623		0.220887	-0.54288	-0.390489
0.22		0.112585				3.52031		0.0621812	-0.502025	-0.336026
0.24		0.0857553				2.5533		0.0410118	-0.471242	-0.295018
0.26		0.0704996				1.81319		0.0211076	-0.446267	-0.261669
0.28		0.0617461				1.54193		0.0270979	-0.425366	-0.233804
0.3			0.055387				1.39849		0.0137678	-0.407399	-0.209854
0.32		0.0504765				1.09385		0.0105144	-0.391933	-0.189225
0.34		0.0470401				1.01062		0.014241	-0.37821	-0.170936
0.36		0.044086				0.880802	-0.00562827	-0.366039	-0.154755
0.38		0.041848				0.788952	0.00512514	-0.355269	-0.140349
0.4			0.0399146				0.702381	0.000227896	-0.345435	-0.127295
