0.02		0.979373				1924.66		0.666644	-0.969392	-0.959189
0.04		0.957209				1308.13		0.666617	-0.937317	-0.916422
0.06		0.933178				1015.03		0.666585	-0.903638	-0.871519
0.08		0.906509				824.925		0.666543	-0.867849	-0.823799
0.1			0.876082				672.028		0.66648		-0.829423	-0.772565
0.12		0.839862				535.829		0.666371	-0.787634	-0.716847
0.14		0.793198				391.568		0.666116	-0.741076	-0.654771
0.16		0.720182				218.658		0.664831	-0.686372	-0.581833
0.161		0.715344				210.268		0.66473		-0.683331	-0.577787
0.162		0.709323				196.486		0.66444		-0.680141	-0.573529
0.163		0.703763				188.252		0.664177	-0.677008	-0.569352
0.164		0.698212				178.77		0.663962	-0.673942	-0.565277
0.165		0.69215					174.318		0.663717	-0.670636	-0.56085
0.166		0.683961				153.138		0.662813	-0.667229	-0.556302
0.167		0.677331				151.68		0.662733	-0.663811	-0.551766
0.168		0.66845					136.54		0.661828	-0.66022	-0.546957
0.169		0.658487				126.112		0.659134	-0.65688	-0.542523
0.17		0.646488				110.377		0.657215	-0.652871	-0.537176
0.171		0.639514				107.02		0.657627	-0.649396	-0.532538
0.172		0.627513				97.5994		0.655101	-0.645599	-0.527463
0.173		0.606385				79.7054		0.649154	-0.640679	-0.520892
0.174		0.59396					73.6786		0.645369	-0.637184	-0.516248
0.175		0.580524				68.716		0.645291	-0.632848	-0.510438
0.176		0.553375				59.9174		0.632964	-0.627994	-0.503981
0.177		0.538448				54.6605		0.628839	-0.624341	-0.499124
0.178		0.49868					44.2651		0.606386	-0.618611	-0.491496
0.179		0.459982				37.0267		0.580275	-0.613431	-0.484556
0.18		0.413772				31.4415		0.544062	-0.607655	-0.476864
0.2			0.109813				6.43903		0.0913699	-0.542127	-0.389491
0.22		0.0680258				3.61781		0.0394219	-0.502031	-0.336037
0.24		0.0502596				1.71956		0.0109374	-0.471282	-0.295052
0.26		0.042585				1.96354		0.00522945	-0.446192	-0.261578
0.28		0.0369918				1.52648		0.0087031	-0.425249	-0.233708
0.3			0.0328841				0.898352	0.00487888	-0.407379	-0.209828
0.32		0.0303906				1.24642		-0.00243536	-0.391886	-0.18921
0.34		0.0281693				1.05063		0.00359779	-0.378199	-0.170954
0.36		0.0265027				0.965379	0.00536302	-0.366061	-0.154725
0.38		0.0251258				0.601465	-0.00331092	-0.355229	-0.140301
0.4			0.0239797				0.476275	0.00369843	-0.345443	-0.127251

