0.02		0.979343				309.548		0.666525	-0.969348	-0.95913
0.04		0.957194				210.119		0.666359	-0.937296	-0.916397
0.06		0.933169				163.114		0.666158	-0.903642	-0.871527
0.08		0.906371				132.433		0.665893	-0.867675	-0.823565
0.1			0.876051				108.261		0.665507	-0.829407	-0.772549
0.12		0.840079				86.9949		0.664845	-0.787786	-0.717025
0.14		0.793203				64.0902		0.663262	-0.741217	-0.654962
0.16		0.720328				39.6183		0.65685		-0.686275	-0.5817
0.161		0.715787				38.0625		0.656029	-0.683609	-0.578128
0.162		0.710037				36.4629		0.65497		-0.68045	-0.573931
0.163		0.705371				35.4641		0.65441		-0.677505	-0.570032
0.164		0.699107				34.3009		0.653204	-0.674216	-0.565599
0.165		0.693022				33.0183		0.652178	-0.67081	-0.561063
0.166		0.686068				31.6859		0.650558	-0.667402	-0.556539
0.167		0.679324				30.697		0.649085	-0.664074	-0.552091
0.168		0.668265				27.8858		0.64548		-0.660135	-0.546818
0.169		0.667072				28.5371		0.646524	-0.657793	-0.543715
0.17		0.651271				25.7281		0.640355	-0.653086	-0.537435
0.171		0.643574				24.7785		0.638207	-0.6495		-0.532676
0.172		0.635907				23.8506		0.636071	-0.646139	-0.528129
0.173		0.625525				22.5306		0.632398	-0.642416	-0.523245
0.174		0.613875				21.7445		0.626988	-0.638737	-0.518305
0.175		0.606942				21.0449		0.625847	-0.635231	-0.513673
0.176		0.591085				19.3083		0.618811	-0.630539	-0.507345
0.177		0.578191				18.4869		0.612315	-0.626577	-0.502064
0.178		0.562559				17.0741		0.604514	-0.622104	-0.496188
0.179		0.549744				16.2935		0.598377	-0.618151	-0.490915
0.18		0.538677				15.8503		0.592498	-0.614449	-0.485868
0.2			0.271799				6.00575		0.320657	-0.544107	-0.392133
0.22		0.171921				3.52063		0.150922	-0.502243	-0.336242
0.24		0.129796				2.51191		0.0754831	-0.471413	-0.29521
0.26		0.106039				1.86899		0.0508239	-0.446075	-0.261411
0.28		0.0922511				1.55808		0.0155397	-0.425315	-0.233733
0.3			0.0825608				1.24645		0.0297326	-0.407415	-0.209884
0.32		0.0754162				1.07778		0.0104851	-0.391787	-0.189043
0.34		0.0705663				1.01036		0.0150808	-0.378163	-0.170924
0.36		0.0660393				0.884143	0.0154081	-0.366006	-0.154654
0.38		0.0626399				0.797961	0.000871834	-0.355143	-0.140208
0.4			0.0594615				0.59947		0.00813972	-0.345449	-0.127221
