0.02	19	0.979346	0.959165	0.920171	4.54846E-05	0.0409483	694.505	0.666604	-0.969354	9.82989E-05	0.245747	-0.959139	0.000175078	0.437694
0.04	19	0.957255	0.916431	0.840191	9.42208E-05	0.08482	471.667	0.66653	-0.937382	0.000194002	0.121252	-0.916511	0.000346199	0.216374
0.06	19	0.933149	0.870915	0.759009	0.000148484	0.133308	366.757	0.66644	-0.903599	0.000287398	0.0798327	-0.871461	0.000514387	0.142885
0.08	19	0.906462	0.821887	0.6762	0.000214002	0.19218	296.724	0.666321	-0.867792	0.000380305	0.0594226	-0.823716	0.000682498	0.10664
0.1	19	0.876118	0.767883	0.590562	0.000300077	0.268434	242.662	0.666148	-0.829483	0.000470596	0.0470596	-0.772651	0.000847454	0.0847454
0.12	19	0.839947	0.705944	0.499575	0.000433996	0.387909	193.528	0.665852	-0.787711	0.000562209	0.0390423	-0.716949	0.00101716	0.0706361
0.14	19	0.793183	0.62986	0.398514	0.000720183	0.641622	142.1	0.665163	-0.741099	0.000657253	0.0335333	-0.654789	0.00119587	0.0610137
0.145	19	0.77903	0.607764	0.371453	0.000875816	0.753693	128.774	0.664794	-0.728651	0.000682747	0.0324731	-0.638227	0.00124251	0.0590968
0.15	19	0.762323	0.582231	0.341468	0.00109475	0.922928	113.877	0.664233	-0.715237	0.000714251	0.0317445	-0.620328	0.00130228	0.0578792
0.155	19	0.743342	0.554012	0.31	0.00145427	1.17126	98.5779	0.663331	-0.701281	0.000749554	0.0311989	-0.601717	0.0013687	0.05697
0.16	19	0.721553	0.522493	0.27667	0.00185441	1.50326	84.4667	0.662185	-0.686753	0.000772937	0.0301929	-0.582335	0.00141445	0.0552521
0.161	19	0.715403	0.513957	0.268241	0.00215564	1.6507	79.9301	0.661507	-0.683353	0.000783544	0.0302281	-0.577795	0.00143408	0.0553249
0.162	19	0.709504	0.505818	0.260316	0.00242158	1.80418	75.8318	0.66085	-0.680189	0.000796872	0.030364	-0.573584	0.00145853	0.0555757
0.163	19	0.705063	0.499752	0.254386	0.00263886	1.8995	73.4506	0.660482	-0.677403	0.000795951	0.0299579	-0.56989	0.00145845	0.0548929
0.164	19	0.69718	0.48949	0.245047	0.00342955	2.17482	67.9114	0.659089	-0.673766	0.000809785	0.030108	-0.565005	0.00148461	0.0551981
0.165	19	0.687797	0.477115	0.234015	0.0040499	2.49901	62.5197	0.657331	-0.669954	0.00082471	0.0302924	-0.559939	0.0015118	0.0555297
0.166	19	0.683778	0.471344	0.22823	0.00379111	2.59766	60.9397	0.657566	-0.667127	0.000827774	0.0300397	-0.556192	0.00151689	0.0550474
0.167	19	0.677886	0.463658	0.221457	0.00412832	2.73883	58.8496	0.656621	-0.664158	0.000836014	0.0299765	-0.552214	0.00153181	0.0549252
0.168	19	0.668629	0.452409	0.212081	0.00534389	3.0416	55.137	0.654603	-0.660339	0.000848599	0.0300666	-0.54709	0.00155732	0.055177
0.169	19	0.656918	0.438506	0.201083	0.00696484	3.40062	51.3081	0.65142	-0.65638	0.000869862	0.0304563	-0.541849	0.00159632	0.0558917
0.17	19	0.649261	0.428633	0.192729	0.00709323	3.78467	48.0557	0.650332	-0.653002	0.000868808	0.0300625	-0.53731	0.00159373	0.0551463
0.171	19	0.643969	0.421149	0.185937	0.00645251	3.83134	47.3361	0.650558	-0.649662	0.000873811	0.0298831	-0.532859	0.00160497	0.0548878
0.172	19	0.630761	0.406481	0.175319	0.00862124	4.33936	43.6589	0.646307	-0.645546	0.000877565	0.0296635	-0.527383	0.00161435	0.0545683
0.173	19	0.618272	0.392208	0.164993	0.00994757	4.95418	40.0922	0.64247	-0.641634	0.000904352	0.0302166	-0.522156	0.00166133	0.055509
0.174	19	0.596355	0.370193	0.151007	0.0145545	6.14756	34.888	0.632701	-0.636903	0.00093448	0.0308654	-0.515861	0.00171552	0.0566626
0.175	19	0.587397	0.359977	0.143496	0.0149418	6.12436	34.4604	0.630878	-0.633373	0.000929466	0.0303499	-0.511141	0.00170911	0.0558075
0.176	19	0.573138	0.344109	0.133036	0.0156218	7.04119	31.3609	0.625499	-0.629221	0.000936761	0.0302415	-0.50562	0.00172147	0.0555743
0.177	19	0.555533	0.327912	0.123755	0.019295	7.90174	28.839	0.616357	-0.625031	0.000942352	0.0300792	-0.500073	0.00173468	0.0553698
0.178	19	0.533153	0.307738	0.112419	0.0234858	9.14364	25.888	0.604309	-0.620567	0.000962471	0.0303772	-0.494069	0.00177412	0.0559943
0.179	19	0.51181	0.28711	0.100676	0.0251607	10.0281	23.8055	0.592895	-0.615696	0.000958796	0.029924	-0.48759	0.001766	0.055117
0.18	19	0.493721	0.270475	0.0917121	0.0267143	10.9146	22.0778	0.58212	-0.611638	0.000964425	0.0297662	-0.482206	0.00177888	0.0549036
0.182	19	0.457731	0.238074	0.0748094	0.0285565	11.7523	19.8564	0.560042	-0.603288	0.000937535	0.0283038	-0.471054	0.00173172	0.0522799
0.184	19	0.405136	0.195929	0.0558035	0.031794	14.0975	16.2272	0.515448	-0.593719	0.000917688	0.0271056	-0.458271	0.00169662	0.0501129
0.186	19	0.358703	0.160644	0.0412139	0.0319768	15.1061	14.0039	0.467657	-0.58514	0.000873552	0.0252501	-0.446872	0.00162544	0.0469833
0.188	19	0.329507	0.139628	0.0331614	0.0310536	16.448	12.3261	0.433024	-0.578456	0.000844464	0.0238927	-0.437938	0.00157787	0.0446432
0.19	19	0.286218	0.109784	0.022634	0.0278637	16.8602	10.5455	0.37402	-0.570435	0.000789887	0.0218805	-0.427244	0.00148148	0.0410381
0.195	19	0.228679	0.0741052	0.0118877	0.0218112	17.3606	8.06357	0.278431	-0.555993	0.000719129	0.018912	-0.408006	0.0013599	0.0357634
0.2	19	0.183257	0.0497364	0.00605536	0.0161534	16.4208	6.28423	0.184038	-0.542343	0.000659373	0.0164843	-0.389888	0.00125869	0.0314671
0.22	19	0.114112	0.0200486	0.00112323	0.00702706	11.4756	3.61882	0.0685064	-0.501924	0.000555484	0.0114769	-0.335916	0.00108719	0.0224627
0.24	19	0.0853554	0.0113822	0.000380011	0.00409664	8.09554	2.46418	0.0222609	-0.471189	0.000495296	0.00859888	-0.294914	0.000988033	0.0171534
0.26	19	0.0706384	0.00776944	0.000176039	0.00277965	6.1993	1.71102	0.0279045	-0.446185	0.000455942	0.0067447	-0.261594	0.000925651	0.0136931
0.28	19	0.0614213	0.00590017	0.000102978	0.00212759	4.8315	1.50557	0.0139619	-0.425307	0.000420979	0.00536962	-0.23372	0.000871754	0.0111193
0.3	19	0.0553376	0.00479266	6.78634E-05	0.00173041	4.00461	1.32826	0.0151698	-0.407395	0.000399505	0.00443894	-0.209876	0.000837465	0.00930517
