0.02	19	0.979347	0.959531	0.922245	0.000410681	0.0409181	78.337	0.666108	-0.969358	0.000887381	2.21845	-0.959145	0.00158025	3.95062
0.04	19	0.957111	0.916912	0.843777	0.000849396	0.0849099	53.1461	0.665457	-0.937188	0.00174704	1.0919	-0.916253	0.00311773	1.94858
0.06	19	0.933091	0.871997	0.76494	0.0013381	0.133078	41.3867	0.664667	-0.903528	0.00258803	0.718896	-0.871383	0.00463105	1.2864
0.08	19	0.906382	0.823452	0.684241	0.00192251	0.189992	33.6463	0.663634	-0.867667	0.0034183	0.534109	-0.823559	0.00613378	0.958402
0.1		19	0.876018	0.770098	0.601061	0.00269116	0.263025	27.6388	0.662165	-0.82934	0.00422582	0.422582	-0.772453	0.00760863	0.760863
0.12	19	0.840182	0.709762	0.514166	0.00385695	0.366211	22.4675	0.659783	-0.787856	0.00503788	0.349852	-0.717153	0.00911438	0.632943
0.14	19	0.793379	0.636085	0.419428	0.00663488	0.552172	17.2908	0.654453	-0.741437	0.00594117	0.303121	-0.655234	0.0108115	0.551607
0.145	19	0.778935	0.614458	0.393854	0.00771747	0.61723	16.0627	0.65228	-0.728499	0.00617861	0.29387	-0.638046	0.0112443	0.534805
0.15	19	0.762583	0.590875	0.367312	0.00934226	0.701192	14.7647	0.64931	-0.715221	0.00640683	0.284748	-0.620253	0.0116894	0.519528
0.155	19	0.74437	0.565529	0.340194	0.0114431	0.808898	13.432	0.645436	-0.701493	0.00662101	0.275588	-0.601997	0.0120886	0.503168
0.16	19	0.724309	0.538682	0.313057	0.0140584	0.922006	12.2613	0.640385	-0.687327	0.00687244	0.268455	-0.583168	0.0125578	0.490539
0.161	19	0.718848	0.531935	0.306835	0.0151925	0.965133	11.9027	0.638534	-0.684355	0.00692542	0.267174	-0.579205	0.0126759	0.489022
0.162	19	0.713781	0.525588	0.300825	0.0161045	0.992921	11.6604	0.637005	-0.680998	0.00701908	0.267455	-0.574598	0.0128684	0.490337
0.163	19	0.71087	0.521399	0.296516	0.0160633	1.00705	11.5295	0.636431	-0.678509	0.0070364	0.264835	-0.571415	0.0128727	0.484501
0.164	19	0.703042	0.512	0.288126	0.0177323	1.06062	11.1249	0.63363	-0.67437	0.00715105	0.265878	-0.565799	0.0131124	0.487522
0.165	19	0.699156	0.507133	0.283695	0.0183133	1.09635	10.885	0.632306	-0.672051	0.00715475	0.262801	-0.56267	0.0131418	0.48271
0.166	19	0.693135	0.499385	0.276407	0.0189496	1.1291	10.6383	0.630549	-0.668276	0.0071999	0.261283	-0.557708	0.0132039	0.479166
0.167	19	0.687444	0.492971	0.271021	0.0203919	1.15866	10.4293	0.628261	-0.665531	0.00723272	0.259339	-0.554048	0.0132799	0.476169
0.168	19	0.683078	0.487027	0.265267	0.0204309	1.19001	10.2239	0.627217	-0.662333	0.00727988	0.257932	-0.549721	0.0133854	0.474256
0.169	19	0.677004	0.480099	0.259355	0.0217652	1.23266	9.96744	0.624931	-0.659112	0.00731724	0.256197	-0.545403	0.0134586	0.471224
0.17	19	0.673826	0.475909	0.255308	0.0218667	1.24893	9.85612	0.624252	-0.656594	0.00730239	0.252678	-0.542192	0.0134189	0.464321
0.171	19	0.665728	0.46691	0.248229	0.0237153	1.3095	9.52522	0.620453	-0.652965	0.00741525	0.253591	-0.537293	0.013623	0.465888
0.172	19	0.658553	0.458031	0.240399	0.0243396	1.34708	9.29514	0.618037	-0.648821	0.00740501	0.250305	-0.531757	0.0136412	0.461099
0.173	19	0.653825	0.452551	0.235877	0.0250638	1.39191	9.08305	0.616091	-0.646273	0.00745651	0.24914	-0.528343	0.0137436	0.459208
0.174	19	0.650136	0.448218	0.232111	0.0255411	1.39393	9.03132	0.614881	-0.643855	0.00745604	0.246269	-0.525106	0.0137371	0.453728
0.175	19	0.639313	0.436628	0.223345	0.0279064	1.49013	8.60778	0.609491	-0.639236	0.0075302	0.245884	-0.518954	0.0138862	0.453426
0.176	19	0.631791	0.428584	0.217178	0.0294235	1.51959	8.43923	0.605885	-0.635809	0.0075613	0.244102	-0.514421	0.0139621	0.45074
0.177	19	0.624419	0.420347	0.210652	0.0304478	1.59407	8.14973	0.6026	-0.632003	0.00758843	0.242217	-0.509415	0.0139948	0.446703
0.178	19	0.623777	0.418435	0.208335	0.0293369	1.55833	8.22678	0.603371	-0.630337	0.00757678	0.239136	-0.506989	0.0140198	0.442489
0.179	19	0.612173	0.406839	0.200185	0.0320835	1.66057	7.84371	0.596851	-0.62591	0.00761212	0.237574	-0.501266	0.0140522	0.438568
0.18	19	0.60777	0.401067	0.194959	0.0316828	1.69509	7.70232	0.595993	-0.622916	0.00753358	0.232518	-0.497288	0.0139215	0.429675
0.182	19	0.59312	0.385534	0.18366	0.0337418	1.79633	7.31923	0.588123	-0.616303	0.00756814	0.228479	-0.488445	0.013992	0.422413
0.184	19	0.57674	0.369236	0.172378	0.0366076	1.90906	6.9295	0.578545	-0.609224	0.00757638	0.223783	-0.479087	0.0140242	0.414231
0.186	19	0.565728	0.357565	0.16383	0.0375169	1.95622	6.72573	0.572869	-0.603762	0.00759118	0.219424	-0.471753	0.0140649	0.406548
0.188	19	0.548479	0.340429	0.15217	0.0396004	2.05733	6.37988	0.562322	-0.596335	0.00751217	0.212544	-0.461881	0.0139587	0.39494
0.19	19	0.532426	0.324466	0.141503	0.0409883	2.16607	6.04969	0.551971	-0.589724	0.00744782	0.206311	-0.452965	0.013871	0.384238
0.195	19	0.493844	0.287542	0.117862	0.0436602	2.39532	5.36747	0.52483	-0.573515	0.00723973	0.190394	-0.431365	0.013534	0.355925
0.2		19	0.460579	0.256465	0.0989598	0.0443313	2.57823	4.83987	0.498486	-0.559186	0.00697964	0.174491	-0.412162	0.0131271	0.328179
0.22	19	0.337787	0.153739	0.0449782	0.039639	3.08623	3.22856	0.365676	-0.509092	0.00566323	0.117009	-0.345411	0.0109443	0.226121
0.24	19	0.261023	0.0980542	0.0216625	0.0299211	3.16759	2.34227	0.248975	-0.473448	0.00473412	0.0821896	-0.297869	0.00937216	0.162711
0.26	19	0.217215	0.0702668	0.0122799	0.0230843	3.03776	1.85412	0.170965	-0.44706	0.0042029	0.0621731	-0.262745	0.0085074	0.125849
0.28	19	0.186857	0.0529568	0.00736163	0.0180412	2.83351	1.50829	0.124999	-0.425287	0.00385058	0.0491146	-0.233729	0.00794944	0.101396
0.3		19	0.167534	0.0429578	0.00501112	0.0148902	2.64148	1.28048	0.0948323	-0.407207	0.00360402	0.0400447	-0.209611	0.00755428	0.0839365
