0.02	19	0.979369	0.959266	0.920583	0.000102536	0.0409385	309.42	0.666525	-0.969385	0.000221665	0.554164	-0.959182	0.000394768	0.986921
0.04	19	0.957214	0.91647	0.840691	0.000212186	0.0850223	209.85	0.66636	-0.937328	0.000436671	0.272919	-0.916437	0.00077916	0.486975
0.06	19	0.933151	0.871105	0.759981	0.000334263	0.133318	163.371	0.666158	-0.903603	0.000646569	0.179602	-0.871472	0.00115665	0.321292
0.08	19	0.906497	0.822217	0.677607	0.00047923	0.19137	132.464	0.665895	-0.867823	0.000852232	0.133161	-0.823768	0.00152963	0.239004
0.1		19	0.876045	0.768131	0.592082	0.000675472	0.26797	108.181	0.665504	-0.829391	0.00105953	0.105953	-0.772521	0.00190908	0.190908
0.12	19	0.839763	0.706183	0.501432	0.000982364	0.38659	86.3383	0.664837	-0.787557	0.00126703	0.0879885	-0.716751	0.00229341	0.159264
0.14	19	0.793415	0.631144	0.402344	0.00163642	0.616582	64.5959	0.663319	-0.741213	0.00149165	0.0761044	-0.654923	0.00271374	0.138456
0.145	19	0.778436	0.607958	0.37424	0.00199556	0.727609	58.3452	0.662494	-0.728273	0.00154926	0.0736863	-0.637674	0.0028225	0.134245
0.15	19	0.762954	0.584441	0.346758	0.00234279	0.850851	52.8834	0.661605	-0.715408	0.00159889	0.0710616	-0.620538	0.00291614	0.129606
0.155	19	0.743004	0.555339	0.314924	0.00328382	1.08197	45.6856	0.659618	-0.701203	0.00166926	0.0694803	-0.601635	0.00304897	0.126908
0.16	19	0.721901	0.525357	0.283796	0.0042158	1.33327	39.9994	0.657251	-0.68698	0.00174292	0.0680826	-0.582623	0.00318632	0.124465
0.161	19	0.714933	0.515905	0.274627	0.00477486	1.44687	38.0372	0.656059	-0.683062	0.00177062	0.0683085	-0.577398	0.00324189	0.125068
0.162	19	0.709405	0.508287	0.267189	0.00503176	1.5212	36.8127	0.65527	-0.679891	0.0017723	0.0675316	-0.573179	0.00324615	0.123691
0.163	19	0.705317	0.502886	0.262003	0.00541381	1.59864	35.7103	0.654661	-0.677215	0.00179123	0.0674182	-0.569634	0.0032812	0.123497
0.164	19	0.699198	0.494792	0.254533	0.00591481	1.69802	34.3587	0.653441	-0.67409	0.00180124	0.0669705	-0.565447	0.00330164	0.122756
0.165	19	0.69031	0.484274	0.245825	0.00774645	1.91596	31.9787	0.6506	-0.670524	0.00184209	0.0676615	-0.560664	0.00337589	0.124
0.166	19	0.684838	0.476718	0.23861	0.00771586	1.99489	31.0853	0.65002	-0.667128	0.00185494	0.0673155	-0.556185	0.00340623	0.123611
0.167	19	0.677681	0.467995	0.2311	0.00874311	2.11801	29.8781	0.648281	-0.663953	0.00185794	0.0666191	-0.551944	0.00340718	0.122169
0.168	19	0.67108	0.459823	0.224067	0.00947368	2.20428	29.0209	0.646755	-0.660606	0.00187906	0.0665766	-0.547427	0.0034495	0.122219
0.169	19	0.660562	0.447474	0.214413	0.0111314	2.4813	26.9576	0.64306	-0.656725	0.00192589	0.0674307	-0.542329	0.00353312	0.123704
0.17	19	0.657315	0.442584	0.20952	0.0105208	2.46134	26.9178	0.643456	-0.653992	0.00190705	0.0659878	-0.53861	0.00350639	0.121328
0.171	19	0.640157	0.424016	0.1961	0.0142143	2.91975	24.1499	0.636427	-0.648986	0.00196307	0.0671343	-0.531922	0.00360831	0.123399
0.172	19	0.635749	0.417965	0.190727	0.0137873	2.95909	23.8111	0.636076	-0.646015	0.00195516	0.0660885	-0.528009	0.0035989	0.12165
0.173	19	0.625045	0.406301	0.182239	0.0156198	3.18811	22.5956	0.63202	-0.642267	0.00197896	0.0661218	-0.523052	0.00363674	0.121512
0.174	19	0.614868	0.394966	0.17397	0.0169034	3.37688	21.6271	0.628264	-0.638351	0.00201316	0.0664934	-0.517789	0.00370114	0.122247
0.175	19	0.594601	0.374518	0.160692	0.0209674	3.93492	19.4606	0.618119	-0.633372	0.0020303	0.0662956	-0.511124	0.00373767	0.122046
0.176	19	0.594594	0.372288	0.157437	0.0187461	3.66944	20.1089	0.621361	-0.63077	0.00201054	0.0649065	-0.50766	0.00370983	0.119765
0.177	19	0.581473	0.359569	0.149417	0.0214583	4.144	18.5567	0.614776	-0.627153	0.00202277	0.0645655	-0.502896	0.00372494	0.118898
0.178	19	0.56313	0.341657	0.138468	0.0245423	4.46093	17.3998	0.604591	-0.622387	0.00206312	0.0651155	-0.49647	0.00380424	0.120068
0.179	19	0.549545	0.328156	0.130002	0.0261556	4.74178	16.51	0.59759	-0.618201	0.00206423	0.0644247	-0.490858	0.00381316	0.119009
0.18	19	0.537319	0.316395	0.122795	0.0276839	5.0771	15.6345	0.591116	-0.614405	0.00204504	0.0631185	-0.485906	0.0037763	0.116552
0.182	19	0.506377	0.287408	0.106013	0.0309902	5.69686	13.9979	0.572202	-0.606145	0.00205214	0.0619532	-0.474863	0.0037947	0.11456
0.184	19	0.472771	0.257819	0.0899673	0.0343066	6.29624	12.5344	0.548837	-0.597531	0.00201798	0.0596049	-0.463394	0.00374058	0.110485
0.186	19	0.450809	0.238041	0.0793655	0.0348126	6.56479	11.7455	0.533118	-0.590706	0.00198663	0.0574236	-0.454245	0.00369599	0.106833
0.188	19	0.41533	0.20856	0.0651233	0.0360608	7.39496	10.2485	0.500938	-0.58247	0.00193302	0.0546915	-0.443224	0.00360122	0.10189
0.19	19	0.395179	0.192548	0.0575678	0.0363813	7.71896	9.57691	0.482417	-0.576416	0.00189175	0.0524031	-0.435229	0.00353467	0.0979133
0.195	19	0.324393	0.13827	0.0343469	0.0330388	8.6055	7.44593	0.401158	-0.558623	0.00170092	0.0447317	-0.411545	0.00320044	0.0841668
0.2		19	0.271726	0.102643	0.021476	0.0288079	8.91142	6.07052	0.320525	-0.544071	0.00156124	0.0390311	-0.392067	0.00296498	0.0741246
0.22	19	0.170187	0.0436376	0.00491253	0.0146738	8.03306	3.46153	0.140071	-0.502101	0.00125672	0.0259654	-0.336106	0.0024556	0.0507355
0.24	19	0.129195	0.025642	0.00181645	0.00895063	6.46029	2.45021	0.0791282	-0.471409	0.00111792	0.0194083	-0.295258	0.00222528	0.0386333
0.26	19	0.106738	0.0176298	0.000883983	0.00623685	5.20393	1.90467	0.0519546	-0.446186	0.00102165	0.0151131	-0.261565	0.00207579	0.030707
0.28	19	0.0924899	0.0133228	0.000515214	0.00476838	4.3593	1.50755	0.0324416	-0.425196	0.000950607	0.0121251	-0.23363	0.00196226	0.0250288
0.3		19	0.082594	0.0106824	0.00033665	0.0038606	3.6731	1.29164	0.0166179	-0.407398	0.000892529	0.00991699	-0.209936	0.00187788	0.0208653
