0.02		0.957154			0.66659		-0.937246	-0.916328
0.04		1					0.666667	-1			-1
0.06		1					0.666667	-1			-1
0.08		1					0.666667	-1			-1
0.1			1					0.666667	-1			-1
0.12		1					0.666667	-1			-1
0.14		1					0.666667	-1			-1
0.16		1					0.666667	-1			-1
0.18		1					0.666667	-1			-1
0.2			1					0.666667	-1			-1
0.22		1					0.666667	-1			-1
0.24		1					0.666667	-1			-1
0.26		1					0.666667	-1			-1
0.28		1					0.666667	-1			-1
0.3			1					0.666667	-1			-1
0.32		1					0.666667	-1			-1
0.34		1					0.666667	-1			-1
0.36		1					0.666667	-1			-1
0.38		1					0.666667	-1			-1
0.4			1					0.666667	-1			-1
