0.02		1				4.1056E+016	0.666667	-1	-1
0.04		1				4.1056E+016	0.666667	-1	-1
0.06		1				4.1056E+016	0.666667	-1	-1
0.08		1				4.1056E+016	0.666667	-1	-1
0.1			1				4.1056E+016	0.666667	-1	-1
0.12		1				4.1056E+016	0.666667	-1	-1
0.14		1				4.1056E+016	0.666667	-1	-1
0.16		1				4.1056E+016	0.666667	-1	-1
0.18		1				4.1056E+016	0.666667	-1	-1
0.2			1				4.1056E+016	0.666667	-1	-1
0.22		1				4.1056E+016	0.666667	-1	-1
0.24		1				4.1056E+016	0.666667	-1	-1
0.26		1				4.1056E+016	0.666667	-1	-1
0.28		1				4.1056E+016	0.666667	-1	-1
0.3			1				4.1056E+016	0.666667	-1	-1
0.32		1				4.1056E+016	0.666667	-1	-1
0.34		1				4.1056E+016	0.666667	-1	-1
0.36		1				4.1056E+016	0.666667	-1	-1
0.38		1				4.1056E+016	0.666667	-1	-1
0.4			1				4.1056E+016	0.666667	-1	-1
