0.02		0.989867				445.583	0.666598	-0.984879	-0.979838
0.025		0.98727					396.841	0.66658		-0.981028	-0.974705
0.03		0.984649				360.727	0.666562	-0.977154	-0.969539
0.035		0.982034				332.275	0.666545	-0.9733		-0.9644
0.04		0.979378				309.635	0.666525	-0.969399	-0.959198
0.045		0.976671				290.501	0.666505	-0.965436	-0.953915
0.05		0.974006				274.684	0.666487	-0.96154	-0.94872
0.055		0.971303				260.393	0.666468	-0.957606	-0.943473
0.06		0.968553				248.293	0.666445	-0.953615	-0.938155
0.065		0.965791				236.943	0.666425	-0.94963	-0.93284
0.07		0.963012				227.904	0.666404	-0.945622	-0.927493
0.075		0.96019					218.486	0.666383	-0.941569	-0.922091
0.08		0.95738					210.557	0.666361	-0.937554	-0.91674
0.085		0.954521				203.239	0.666339	-0.933472	-0.911295
0.09		0.951591				196.226	0.666316	-0.929314	-0.905754
0.095		0.948676				190.552	0.666292	-0.925182	-0.900243
0.1			0.945789				184.578	0.666269	-0.921119	-0.89482
0.105		0.94284					179.217	0.666245	-0.916986	-0.889308
0.11		0.939858				173.754	0.666219	-0.912822	-0.883769
0.115		0.936832				169.142	0.666194	-0.908614	-0.878152
0.12		0.933841				164.824	0.666169	-0.904468	-0.87262
0.125		0.930705				160.392	0.666139	-0.900138	-0.866851
0.13		0.927631				156.262	0.666114	-0.895912	-0.861215
0.135		0.92454					152.577	0.666083	-0.891696	-0.855593
0.14		0.921379				148.802	0.666052	-0.887394	-0.849861
0.145		0.918219				145.338	0.666027	-0.883101	-0.844129
0.15		0.915068				142.115	0.665993	-0.87886	-0.838467
0.155		0.911779				138.673	0.665964	-0.874457	-0.832606
0.16		0.908564				135.815	0.66593		-0.870163	-0.826894
0.165		0.905286				132.809	0.665897	-0.865809	-0.821082
0.17		0.902009				129.849	0.665864	-0.861473	-0.815295
0.175		0.898705				127.281	0.66583		-0.857121	-0.809495
0.18		0.89533					124.601	0.665792	-0.852714	-0.803629
0.185		0.892024				122.198	0.665758	-0.848403	-0.797864
0.19		0.888491				119.715	0.665716	-0.843826	-0.79176
0.195		0.885187				117.497	0.665687	-0.839556	-0.786078
0.2			0.881669				115.005	0.665646	-0.835071	-0.780095
