0.02		0.989844				999.539	0.666636	-0.984845	-0.979793
0.025		0.987237				889.588	0.666628	-0.980981	-0.974641
0.03		0.951314				439.13	0.666509	-0.928955	-0.905272
0.035		0.982014				745.356	0.666612	-0.973274	-0.964367
0.04		0.97935					694.486	0.666604	-0.969358	-0.959143
0.045		0.976698				651.833	0.666595	-0.965474	-0.953966
0.05		0.974023				615.005	0.666586	-0.961569	-0.948759
0.055		0.971295				584.599	0.666577	-0.957596	-0.943461
0.06		0.968553				556.871	0.666569	-0.953618	-0.938158
0.065		0.965807				532.198	0.666559	-0.949645	-0.932861
0.07		0.963003				510.842	0.66655		-0.945606	-0.927476
0.075		0.960213				490.803	0.66654		-0.941601	-0.922133
0.08		0.957347				473.018	0.66653		-0.937504	-0.916673
0.085		0.954514				456.292	0.666521	-0.933467	-0.911288
0.09		0.95163					441.407	0.66651		-0.929365	-0.905822
0.095		0.948722				427.298	0.6665		-0.925253	-0.900335
0.1			0.945781				413.893	0.666489	-0.921109	-0.89481
0.105		0.942831				401.945	0.666479	-0.916972	-0.889298
0.11		0.939866				391.114	0.666467	-0.912827	-0.88377
0.115		0.936848				379.835	0.666455	-0.908626	-0.878172
0.12		0.933805				369.524	0.666444	-0.904423	-0.872562
0.125		0.930768				359.876	0.666432	-0.900224	-0.866963
0.13		0.927636				351.301	0.66642		-0.895921	-0.861228
0.135		0.924547				341.895	0.666408	-0.891699	-0.8556
0.14		0.921417				334.542	0.666394	-0.88743	-0.849908
0.145		0.918247				326.215	0.666381	-0.883145	-0.844192
0.15		0.91506					318.333	0.666367	-0.878858	-0.838478
0.155		0.911841				311.759	0.666354	-0.874535	-0.832714
0.16		0.908577				304.298	0.66634		-0.870177	-0.826903
0.165		0.905307				298.08	0.666323	-0.865829	-0.821109
0.17		0.90201					291.493	0.666309	-0.861478	-0.815296
0.175		0.898642				285.729	0.666292	-0.85704	-0.809379
0.18		0.895339				280.011	0.666278	-0.852704	-0.8036
0.185		0.891943				274.184	0.666261	-0.848302	-0.797739
0.19		0.888562				268.261	0.666245	-0.843917	-0.791888
0.195		0.885116				263.076	0.666226	-0.839469	-0.785954
0.2			0.881776				258.511	0.66621		-0.83518	-0.780243
