0.02		0.989844				1772.26	0.666649	-0.984845	-0.979793
0.025		0.987264				1581.82	0.666645	-0.981021	-0.974695
0.03		0.984648				1436.05	0.66664		-0.977154	-0.969539
0.035		0.982012				1323.9	0.666636	-0.973268	-0.964356
0.04		0.979364				1232.96	0.666631	-0.96938	-0.959173
0.045		0.976694				1158.35	0.666626	-0.965467	-0.953956
0.05		0.974001				1094.67	0.666621	-0.961536	-0.948714
0.055		0.971296				1037.23	0.666616	-0.957597	-0.943462
0.06		0.968549				989.707	0.666611	-0.953614	-0.938152
0.065		0.965792				946.229	0.666606	-0.949625	-0.932832
0.07		0.96299					907.313	0.666601	-0.945589	-0.927451
0.075		0.960193				871.78	0.666596	-0.941572	-0.922095
0.08		0.957354				839.752	0.66659		-0.937511	-0.91668
0.085		0.954505				810.674	0.666584	-0.933451	-0.911267
0.09		0.951617				784.369	0.666578	-0.929352	-0.905805
0.095		0.94871					758.405	0.666573	-0.925238	-0.900315
0.1			0.945799				736.304	0.666567	-0.921134	-0.894846
0.105		0.942855				714.404	0.666561	-0.917003	-0.889338
0.11		0.939842				693.303	0.666554	-0.912795	-0.883726
0.115		0.936837				674.136	0.666548	-0.908614	-0.878154
0.12		0.93381					656.135	0.666541	-0.904422	-0.872566
0.125		0.930753				639.467	0.666534	-0.900203	-0.866938
0.13		0.927672				623.699	0.666527	-0.895972	-0.861295
0.135		0.924539				608.316	0.66652		-0.89169	-0.855587
0.14		0.921393				593.316	0.666513	-0.887405	-0.849874
0.145		0.918236				578.769	0.666505	-0.883127	-0.844168
0.15		0.915059				566.602	0.666498	-0.878847	-0.838464
0.155		0.911818				552.558	0.66649		-0.874503	-0.832674
0.16		0.908594				541.038	0.666482	-0.870191	-0.826918
0.165		0.905324				529.695	0.666473	-0.865851	-0.821137
0.17		0.902008				517.575	0.666465	-0.861467	-0.815287
0.175		0.898677				507.295	0.666456	-0.857093	-0.809454
0.18		0.895341				496.62	0.666448	-0.852722	-0.803632
0.185		0.891924				485.736	0.666438	-0.848281	-0.797712
0.19		0.888566				476.454	0.666429	-0.843928	-0.791908
0.195		0.885132				467.074	0.666419	-0.839504	-0.786006
0.2			0.881695				458.336	0.666409	-0.83509	-0.780113
