0.02		0.968444				62.6705	0.665798	-0.953465	-0.937958
0.025		0.96011					55.3766	0.66555		-0.941464	-0.921945
0.03		0.984641				91.2355	0.666257	-0.977141	-0.969522
0.035		0.982003				84.0603	0.666182	-0.973257	-0.964339
0.04		0.932835				41.2497	0.664655	-0.903209	-0.870946
0.045		0.976675				73.4952	0.666033	-0.965441	-0.953921
0.05		0.912629				35.106	0.66388		-0.876033	-0.834675
0.055		0.97128					65.8702	0.665879	-0.957583	-0.943439
0.06		0.968567				62.9075	0.665801	-0.953633	-0.938176
0.065		0.965788				60.1062	0.66572		-0.949628	-0.932839
0.07		0.963043				57.6572	0.665636	-0.945659	-0.927537
0.075		0.960136				55.3149	0.665552	-0.941488	-0.921983
0.08		0.957292				53.3092	0.665465	-0.937429	-0.916576
0.085		0.954519				51.5243	0.665379	-0.933468	-0.91128
0.09		0.951573				49.7333	0.665288	-0.92928	-0.9057
0.095		0.948723				48.1898	0.665189	-0.925264	-0.90036
0.1			0.945726				46.7338	0.665103	-0.921021	-0.894694
0.105		0.942823				45.4036	0.665005	-0.916959	-0.889279
0.11		0.939761				44.0595	0.664906	-0.912682	-0.883577
0.115		0.936944				42.9166	0.664814	-0.90874	-0.878326
0.12		0.933935				41.8444	0.664711	-0.904581	-0.872786
0.125		0.930699				40.6583	0.664595	-0.900128	-0.86683
0.13		0.92777					39.6763	0.664495	-0.896103	-0.861472
0.135		0.924557				38.6885	0.664377	-0.891702	-0.855595
0.14		0.921505				37.7675	0.664272	-0.887538	-0.850052
0.145		0.918273				36.8755	0.664154	-0.883211	-0.84429
0.15		0.915081				36.034	0.66404		-0.878867	-0.838498
0.155		0.911678				35.1652	0.663902	-0.874326	-0.832433
0.16		0.908661				34.4987	0.663793	-0.870276	-0.82704
0.165		0.90538					33.7454	0.663656	-0.865909	-0.821199
0.17		0.902113				33.0276	0.663517	-0.861615	-0.81549
0.175		0.898817				32.3839	0.663392	-0.85726	-0.809674
0.18		0.895324				31.6551	0.663255	-0.852691	-0.803584
0.185		0.891996				31.0364	0.663108	-0.848367	-0.797815
0.19		0.888563				30.3479	0.66296		-0.843951	-0.791936
0.195		0.885221				29.7957	0.662816	-0.839623	-0.786161
0.2			0.881714				29.2603	0.662652	-0.835136	-0.780194
