0.02		-0.979338		309.174	0.666525
0.04		0.958169		212.806	0.666367
0.06		-0.933208		163.441	0.666157
0.08		0.910965		136.82	0.665943
0.1			0.88438			114.386	0.665628
0.12		0.854228		94.8862	0.665151
0.14		0.819366		76.7858	0.664343
0.16		0.776858		59.6607	0.662762
0.18		0.721968		43.4323	0.658966
0.2			0.64939			30.2388	0.650228
0.22		0.569122		22.3835	0.636707
0.24		0.489956		17.6032	0.618957
0.26		0.426054		15.0071	0.602415
0.28		0.383519		13.6969	0.592912
0.3			0.349977		12.8569	0.586127
0.32		0.326603		12.5042	0.583639
0.34		0.310186		12.3519	0.582198
0.36		0.297509		12.3208	0.581742
0.38		0.289329		12.4124	0.58334
0.4			0.282965		12.529	0.585496
0.42		0.278448		12.7178	0.587429
0.44		0.27671			12.9825	0.591089
0.46		0.274772		13.2603	0.594419
0.48		0.274475		13.5609	0.597308
0.5			0.274513		13.8352	0.600055
0.52		0.275701		14.2355	0.603508
0.54		0.276437		14.5337	0.606183
0.56		0.278847		14.9371	0.609125
0.58		0.281718		15.3225	0.612241
0.6			0.283606		15.709	0.614398
0.62		0.287115		16.1107	0.617165
0.64		0.290835		16.5424	0.619616
0.66		0.29438			16.9828	0.622013
0.68		0.298216		17.4379	0.623897
0.7			0.302237		17.8814	0.626133
0.72		0.306707		18.3444	0.627857
0.74		0.311253		18.7929	0.629805
0.76		0.316078		19.2594	0.631549
0.78		0.320824		19.7424	0.633254
0.8			0.326097		20.2766	0.634734
0.82		0.331334		20.7951	0.636126
0.84		0.336846		21.3307	0.637576
0.86		0.342544		21.8225	0.639063
0.88		0.348482		22.4067	0.640417
0.9			0.354065		22.9101	0.641511
0.92		0.360317		23.5229	0.642661
0.94		0.366753		24.065	0.643839
0.96		0.373054		24.6557	0.644921
0.98		0.379554		25.2836	0.645846
1			0.386184		25.8525	0.646872

