0.02		-0.979353		1234.82	0.666631
0.04		-0.957196		837.519	0.666589
0.06		0.935415		663.504	0.666544
0.08		-0.906451		527.608	0.666472
0.1			0.884306		454.492	0.666404
0.12		0.854228		376.379	0.666286
0.14		0.819414		304.362	0.666076
0.16		0.776567		232.035	0.665649
0.18		0.72155			164.798	0.664631
0.2			0.650534		112.103	0.662251
0.22		0.56807			80.3761	0.657884
0.24		0.490021		63.7034	0.652811
0.26		0.428345		55.3473	0.64862
0.28		0.381979		50.8682	0.64533
0.3			0.349783		48.8142	0.643991
0.32		0.326274		47.4875	0.642773
0.34		0.309995		47.3726	0.642764
0.36		0.297731		47.3835	0.642743
0.38		0.289232		48.0633	0.643534
0.4			0.283268		48.901	0.644236
0.42		0.279228		49.8176	0.645212
0.44		0.276119		50.9199	0.646066
0.46		0.274565		51.9611	0.647216
0.48		0.274415		53.3457	0.648038
0.5			0.274674		54.576	0.648715
0.52		0.275359		55.917	0.649729
0.54		0.276972		57.495	0.650605
0.56		0.279071		59.1322	0.651372
0.58		0.28144			60.7332	0.652126
0.6			0.28413			62.3179	0.652854
0.62		0.287209		64.0484	0.653552
0.64		0.290543		65.5528	0.65427
0.66		0.294226		67.3176	0.654901
0.68		0.298121		69.1588	0.655474
0.7			0.302331		71.0092	0.656044
0.72		0.306631		72.822	0.656533
0.74		0.311204		74.7788	0.65704
0.76		0.316009		76.5762	0.657516
0.78		0.320916		78.4818	0.657984
0.8			0.326065		80.697	0.65837
0.82		0.331425		82.7757	0.658787
0.84		0.336863		84.7375	0.659188
0.86		0.342448		86.8508	0.659521
0.88		0.34829			89.0442	0.659878
0.9			0.354228		91.3097	0.660198
0.92		0.360328		93.4506	0.660505
0.94		0.366704		95.8808	0.660807
0.96		0.373045		98.1741	0.661091
0.98		0.379625		100.525	0.661343
1			0.386367		103.114	0.661611

