0.02			-0.979392		78.3388	0.666108
0.04		0.958103		53.9027	0.665488
0.06		0.935412		42.246	0.664749
0.08		-0.906467		33.6841	0.663651
0.1			0.88434			29.1366	0.662594
0.12		0.85414			24.324	0.660781
0.14		0.73965			19.8718	0.65756
0.16		0.749188		15.7863	0.651713
0.18		0.714551		12.3625	0.641202
0.2			0.640876		9.38044	0.620239
0.22		0.552175		7.12155	0.583892
0.24		0.486059		5.81961	0.548864
0.26		0.425344		4.93262	0.510689
0.28		0.381556		4.39131	0.482796
0.3			0.349122		4.02381	0.459157
0.32		0.326729		3.80004	0.448166
0.34		0.308995		3.63909	0.438306
0.36		0.296777		3.53682	0.434545
0.38		0.290406		3.53677	0.435686
0.4			0.283581		3.51823	0.437885
0.42		0.279604		3.52268	0.4416
0.44		0.274774		3.51699	0.442413
0.46		0.274565		3.58429	0.450096
0.48		0.274394		3.64055	0.45635
0.5			0.27438			3.68882	0.463209
0.52		0.276183		3.78538	0.470561
0.54		0.277287		3.8396	0.477104
0.56		0.278495		3.90956	0.482593
0.58		0.281465		4.00295	0.490558
0.6			0.283718		4.08155	0.496412
0.62		0.287601		4.20014	0.504228
0.64		0.291026		4.30166	0.509773
0.66		0.29422			4.38756	0.515448
0.68		0.297978		4.49397	0.522139
0.7			0.30247			4.60462	0.527401
0.72		0.306234		4.69886	0.532963
0.74		0.3109			4.82402	0.538194
0.76		0.316368		4.94681	0.544406
0.78		0.321231		5.06918	0.549429
0.8			0.326072		5.17261	0.554019
0.82		0.331623		5.32394	0.558867
0.84		0.33661			5.42224	0.563161
0.86		0.342662		5.57215	0.567652
0.88		0.348383		5.70732	0.572272
0.9			0.354196		5.84346	0.576293
0.92		0.360186		5.9713	0.579776
0.94		0.3665			6.11027	0.583608
0.96		0.373289		6.27692	0.587346
0.98		0.379522		6.4167	0.590356
1			0.386318		6.56659	0.593477

