0.02		0.979562		1935.92	0.666644
0.04		-0.957211		1308	0.666617
0.06		0.935405		1036.19	0.666588
0.08		0.910992		851.899	0.666551
0.1			0.884284		709.703	0.666499
0.12		0.854234		588.332	0.666422
0.14		0.819435		473.955	0.666291
0.16		0.776804		362.331	0.666021
0.18		0.721716		256.263	0.665355
0.2			0.650215		173.547	0.663843
0.22		0.567722		122.946	0.661023
0.24		0.489838		97.8745	0.657673
0.26		0.427979		84.8652	0.654754
0.28		0.381661		78.2205	0.65275
0.3			0.350164		75.1493	0.651789
0.32		0.327018		74.0314	0.651182
0.34		0.310016		73.341	0.651208
0.36		0.297851		73.9001	0.651412
0.38		0.28909			74.7095	0.651684
0.4			0.283131		75.8474	0.65217
0.42		0.279062		77.5629	0.652744
0.44		0.276404		79.406	0.653361
0.46		0.274866		81.2433	0.654045
0.48		0.274352		83.054	0.654514
0.5			0.274746		85.3997	0.655192
0.52		0.275405		87.616	0.655815
0.54		0.276952		89.8114	0.656296
0.56		0.279126		92.117	0.656821
0.58		0.281294		94.5807	0.657305
0.6			0.284091		97.405	0.657815
0.62		0.287174		100.019	0.65821
0.64		0.290568		102.328	0.658698
0.66		0.294295		105.225	0.659098
0.68		0.298164		108.102	0.659472
0.7			0.302357		110.833	0.659811
0.72		0.306713		113.743	0.660152
0.74		0.311179		116.638	0.660503
0.76		0.316021		119.633	0.660823
0.78		0.320894		122.549	0.661103
0.8			0.326187		125.913	0.661382
0.82		0.331368		128.913	0.661642
0.84		0.336773		132.186	0.661857
0.86		0.342495		135.741	0.662104
0.88		0.348235		138.935	0.662312
0.9			0.35423			142.54	0.662521
0.92		0.360352		146.04	0.66272
0.94		0.366631		149.632	0.662902
0.96		0.373138		153.18	0.663077
0.98		0.379635		157.149	0.663258
1			0.386387		161.07	0.663421
