0.02		-0.979353		695		0.666604
0.04		0.958142		477.362	0.666533
0.06		0.935401		373.632	0.666448
0.08		-0.90643		296.641	0.666322
0.1			0.884296		255.72	0.666202
0.12		-0.839127		191.013	0.665833
0.14		0.819292		171.457	0.66563
0.16		0.776693		131.391	0.664871
0.18		0.721477		93.4211	0.66296
0.2			0.650379		64.2653	0.658945
0.22		0.568238		46.7291	0.651789
0.24		0.489143		36.7599	0.642534
0.26		0.427105		31.3348	0.635031
0.28		0.381871		28.892	0.630354
0.3			0.349564		27.7112	0.6268
0.32		0.327201		27.2375	0.625901
0.34		0.309663		26.8398	0.625126
0.36		0.298078		27.0011	0.626022
0.38		0.2889			27.226	0.626445
0.4			0.2831			27.7427	0.627934
0.42		0.27931			28.2378	0.629793
0.44		0.276429		28.856	0.630918
0.46		0.274906		29.4239	0.632379
0.48		0.274471		30.054	0.63409
0.5			0.274701		30.8754	0.635409
0.52		0.275363		31.6392	0.637127
0.54		0.276733		32.4164	0.638376
0.56		0.278908		33.2632	0.639849
0.58		0.281509		34.2387	0.641294
0.6			0.284057		35.1155	0.642502
0.62		0.287305		35.9895	0.643729
0.64		0.290634		37.0586	0.644846
0.66		0.294344		37.9974	0.646078
0.68		0.298367		39.0664	0.646976
0.7			0.302536		40.0455	0.648056
0.72		0.306685		40.9924	0.648882
0.74		0.311403		42.0976	0.649718
0.76		0.316126		43.2421	0.650657
0.78		0.320878		44.2978	0.651398
0.8			0.32597			45.4157	0.652058
0.82		0.331495		46.4782	0.65286
0.84		0.336782		47.6828	0.653513
0.86		0.342638		48.9727	0.654162
0.88		0.348299		50.1846	0.654744
0.9			0.354231		51.4322	0.655257
0.92		0.360381		52.7049	0.655872
0.94		0.366677		53.9993	0.656324
0.96		0.372919		55.3312	0.656838
0.98		0.379766		56.5566	0.657277
1			0.386401		58.0959	0.657758
